0000000000110000011011000110110000110000000000000011100001100000000110000110000000000000000000000000000000000000000000000000011001111100001100000111100001111000000111001111110000111000111111000111100001111000000000000000000000011000000000000110000001111000
0000000001111000011011000110110001111100110001100110110001100000001100000011000001100110001100000000000000000000000000000000110011000110011100001100110011001100001111001100000001100000110011001100110011001100001100000011000000110000000000000011000011001100
0000000001111000011011001111111011000000110011000011100011000000011000000001100000111100001100000000000000000000000000000001100011001110001100000000110000001100011011001111100011000000000011001100110011001100001100000011000001100000111111000001100000001100
0000000000110000000000000110110001111000000110000111011000000000011000000001100011111111111111000000000011111100000000000011000011011110001100000011100000111000110011000000110011111000000110000111100001111100000000000000000011000000000000000000110000011000
0000000000110000000000001111111000001100001100001101110000000000011000000001100000111100001100000000000000000000000000000110000011110110001100000110000000001100111111100000110011001100001100001100110000001100000000000000000001100000000000000001100000110000
0000000000000000000000000110110011111000011001101100110000000000001100000011000001100110001100000011000000000000001100001100000011100110001100001100110011001100000011001100110011001100001100001100110000011000001100000011000000110000111111000011000000000000
0000000000110000000000000110110000110000110001100111011000000000000110000110000000000000000000000011000000000000001100001000000001111100111111001111110001111000000111100111100001111000001100000111100001110000001100000011000000011000000000000110000000110000
0000000000000000000000000000000000000000000000000000000000000000000000000000000000000000000000000110000000000000000000000000000000000000000000000000000000000000000000000000000000000000000000000000000000000000000000000110000000000000000000000000000000000000
0111110000110000111111000011110011111000111111101111111000111100110011000111100000011110111001101111000011000110110001100011100011111100011110001111110001111000111111001100110011001100110001101100011011001100111111100111100011000000011110000001000000000000
1100011001111000011001100110011001101100011000100110001001100110110011000011000000001100011001100110000011101110111001100110110001100110110011000110011011001100101101001100110011001100110001101100011011001100110001100110000001100000000110000011100000000000
1101111011001100011001101100000001100110011010000110100011000000110011000011000000001100011011000110000011111110111101101100011001100110110011000110011011100000001100001100110011001100110001100110110011001100100011000110000000110000000110000110110000000000
1101111011001100011111001100000001100110011110000111100011000000111111000011000000001100011110000110000011111110110111101100011001111100110011000111110001110000001100001100110011001100110101100011100001111000000110000110000000011000000110001100011000000000
1101111011111100011001101100000001100110011010000110100011001110110011000011000011001100011011000110001011010110110011101100011001100000110111000110110000011100001100001100110011001100111111100011100000110000001100100110000000001100000110000000000000000000
1100000011001100011001100110011001101100011000100110000001100110110011000011000011001100011001100110011011000110110001100110110001100000011110000110011011001100001100001100110001111000111011100110110000110000011001100110000000000110000110000000000000000000
0111100011001100111111000011110011111000111111101111000000111110110011000111100001111000111001101111111011000110110001100011100011110000000111001110011001111000011110001111110000110000110001101100011001111000111111100111100000000010011110000000000000000000
0000000000000000000000000000000000000000000000000000000000000000000000000000000000000000000000000000000000000000000000000000000000000000000000000000000000000000000000000000000000000000000000000000000000000000000000000000000000000000000000000000000011111111
0011000000000000111000000000000000011100000000000011100000000000111000000011000000001100111000000111000000000000000000000000000000000000000000000000000000000000000100000000000000000000000000000000000000000000000000000001110000011000111000000111011000000000
0011000000000000011000000000000000001100000000000110110000000000011000000000000000000000011000000011000000000000000000000000000000000000000000000000000000000000001100000000000000000000000000000000000000000000000000000011000000011000001100001101110000000000
0001100001111000011000000111100000001100011110000110000001110110011011000111000000001100011001100011000011001100111110000111100011011100011101101101110001111100011111001100110011001100110001101100011011001100111111000011000000011000001100000000000000000000
0000000000001100011111001100110001111100110011001111000011001100011101100011000000001100011011000011000011111110110011001100110001100110110011000111011011000000001100001100110011001100110101100110110011001100100110001110000000000000000111000000000000000000
0000000001111100011001101100000011001100111111000110000011001100011001100011000000001100011110000011000011111110110011001100110001100110110011000110011001111000001100001100110011001100111111100011100011001100001100000011000000011000001100000000000000000000
0000000011001100011001101100110011001100110000000110000001111100011001100011000011001100011011000011000011010110110011001100110001111100011111000110000000001100001101001100110001111000111111100110110001111100011001000011000000011000001100000000000000000000
0000000001110110110111000111100001110110011110001111000000001100111001100111100011001100111001100111100011000110110011000111100001100000000011001111000011111000000110000111011000110000011011001100011000001100111111000001110000011000111000000000000000000000
0000000000000000000000000000000000000000000000000000000011111000000000000000000001111000000000000000000000000000000000000000000011110000000111100000000000000000000000000000000000000000000000000000000011111000000000000000000000000000000000000000000000000000